#######	instances_500/MDG-a_16_n500_m50.txt#######	
	7525.29	12715
	7574.02	12691
	7555.45	13435
	7529.01	13873
	7564.03	13943
#######	7574.02	7549.56	13331.4#######	
#######	instances_500/MDG-a_19_n500_m50.txt#######	
	7468.55	11953
	7514.86	11833
	7459.55	11808
	7593.01	11840
	7501.56	11837
#######	7593.01	7507.51	11854.2#######	
#######	instances_500/GKD-c_18_n500_m50.txt#######	
	19394.5	11858
	19383.6	11770
	19419.6	11835
	19383.9	11848
	19397.1	11809
#######	19419.6	19395.8	11824#######	
#######	instances_500/GKD-c_3_n500_m50.txt#######	
	19457.3	11771
	19504.4	11695
	19516.5	11720
	19520.1	11719
	19499.3	11661
#######	19520.1	19499.5	11713.2#######	
#######	instances_500/GKD-c_17_n500_m50.txt#######	
	19238.1	11750
	19250.8	11796
	19229.2	11870
	19262.1	11866
	19261	11808
#######	19262.1	19248.2	11818#######	
#######	instances_500/GKD-c_8_n500_m50.txt#######	
	19443.6	11673
	19449	11775
	19404	11700
	19441.7	11719
	19412.2	11699
#######	19449	19430.1	11713.2#######	
#######	instances_500/GKD-c_13_n500_m50.txt#######	
	19313	11684
	19323.4	11683
	19317.8	11668
	19340.5	11675
	19330.5	11691
#######	19340.5	19325	11680.2#######	
#######	instances_500/SOM-b_19_n500_m150.txt#######	
	55265	45756
	55665	45806
	55693	45885
	55439	45812
	55265	45903
#######	55693	55465.4	45832.4#######	
#######	instances_500/GKD-c_5_n500_m50.txt#######	
	19501.6	11698
	19542.6	11721
	19527.2	11720
	19566.1	11684
	19514.1	11637
#######	19566.1	19530.3	11692#######	
#######	instances_500/MDG-a_9_n500_m50.txt#######	
	7585.12	11823
	7566.52	11917
	7571.41	14316
	7467.98	12468
	7513.46	11756
#######	7585.12	7540.9	12456#######	
#######	instances_500/GKD-c_20_n500_m50.txt#######	
	19544.5	11707
	19547.5	11767
	19521.4	11742
	19518.6	11731
	19511.5	11726
#######	19547.5	19528.7	11734.6#######	
#######	instances_500/MDG-a_5_n500_m50.txt#######	
	7583.77	11844
	7434.64	11794
	7417.63	11811
	7562.63	11902
	7553.99	11789
#######	7583.77	7510.53	11828#######	
#######	instances_500/GKD-c_9_n500_m50.txt#######	
	19164.1	11737
	19128.4	11661
	19161.9	11705
	19158.2	11686
	19193.5	11667
#######	19193.5	19161.2	11691.2#######	
#######	instances_500/MDG-a_12_n500_m50.txt#######	
	7518.63	11758
	7570.17	11714
	7470.51	11786
	7488.52	11835
	7503.64	11849
#######	7570.17	7510.29	11788.4#######	
#######	instances_500/GKD-c_10_n500_m50.txt#######	
	19641.2	11806
	19651.9	11739
	19673.3	11771
	19659.2	11711
	19643.6	11752
#######	19673.3	19653.8	11755.8#######	
#######	instances_500/MDG-a_10_n500_m50.txt#######	
	7550.41	11745
	7611.53	11700
	7566.03	11725
	7579.55	11748
	7527.72	11756
#######	7611.53	7567.05	11734.8#######	
#######	instances_500/GKD-c_12_n500_m50.txt#######	
	19247.2	11789
	19315.4	11740
	19235.8	11797
	19260.5	11705
	19266.8	11754
#######	19315.4	19265.1	11757#######	
#######	instances_500/GKD-c_7_n500_m50.txt#######	
	19491.1	11740
	19490.4	11719
	19495	11770
	19492.3	11787
	19453.1	11715
#######	19495	19484.4	11746.2#######	
#######	instances_500/MDG-a_11_n500_m50.txt#######	
	7541.48	11703
	7477.01	11682
	7551.68	11787
	7532.46	11719
	7517.14	11620
#######	7551.68	7523.96	11702.2#######	
#######	instances_500/GKD-c_14_n500_m50.txt#######	
	19358.1	11684
	19408.6	11758
	19389.5	11738
	19416.2	11646
	19341.8	11709
#######	19416.2	19382.8	11707#######	
#######	instances_500/GKD-c_19_n500_m50.txt#######	
	19430.8	11749
	19421.8	11772
	19446.2	11772
	19447	11666
	19418.5	11694
#######	19447	19432.9	11730.6#######	
#######	instances_500/GKD-c_16_n500_m50.txt#######	
	19603.3	11717
	19634.4	11704
	19635.5	11749
	19653.2	11740
	19616.4	11729
#######	19653.2	19628.5	11727.8#######	
#######	instances_500/MDG-a_15_n500_m50.txt#######	
	7443.09	12143
	7444.42	11613
	7464.39	11821
	7473.04	11852
	7528.5	11782
#######	7528.5	7470.69	11842.2#######	
#######	instances_500/MDG-a_3_n500_m50.txt#######	
	7468.49	11710
	7543.68	11736
	7570.12	11750
	7489.41	11884
	7538.55	11766
#######	7570.12	7522.05	11769.2#######	
#######	instances_500/GKD-c_1_n500_m50.txt#######	
	19436.1	11825
	19443.2	11849
	19434.8	11789
	19417.4	11799
	19450.8	11791
#######	19450.8	19436.5	11810.6#######	
#######	instances_500/GKD-c_4_n500_m50.txt#######	
	19552.4	11808
	19535.2	11797
	19559.4	11806
	19552.7	11817
	19514.4	11838
#######	19559.4	19542.8	11813.2#######	
#######	instances_500/MDG-a_8_n500_m50.txt#######	
	7525.11	11821
	7549.02	11640
	7604.61	11823
	7483.6	11864
	7532.6	11732
#######	7604.61	7538.99	11776#######	
#######	instances_500/MDG-a_6_n500_m50.txt#######	
	7535.91	11798
	7526.33	11774
	7589.7	11769
	7500.41	11771
	7497.26	11699
#######	7589.7	7529.92	11762.2#######	
#######	instances_500/MDG-a_20_n500_m50.txt#######	
	7492.05	11796
	7560.63	11775
	7480.67	11798
	7521.21	11737
	7430.34	11763
#######	7560.63	7496.98	11773.8#######	
#######	instances_500/SOM-b_17_n500_m50.txt#######	
	6878	11827
	6933	11840
	6859	11863
	6966	11844
	6885	11756
#######	6966	6904.2	11826#######	
#######	instances_500/MDG-a_18_n500_m50.txt#######	
	7510.21	12535
	7632.74	14240
	7518.94	14798
	7545.73	18104
	7537.27	14390
#######	7632.74	7548.98	14813.4#######	
#######	instances_500/MDG-a_17_n500_m50.txt#######	
	7484.3	15448
	7470.32	13557
	7546.76	12536
	7479.09	13356
	7497.22	11950
#######	7546.76	7495.54	13369.4#######	
#######	instances_500/MDG-a_7_n500_m50.txt#######	
	7511.58	11808
	7481	11862
	7511.81	11834
	7519.35	11855
	7554.61	11825
#######	7554.61	7515.67	11836.8#######	
#######	instances_500/SOM-b_20_n500_m200.txt#######	
	94247	68563
	94862	68516
	95501	68220
	94929	68245
	94723	68427
#######	95501	94852.4	68394.2#######	
#######	instances_500/MDG-a_13_n500_m50.txt#######	
	7503.28	11752
	7543.88	11755
	7595.55	11778
	7514.57	11836
	7565.75	11716
#######	7595.55	7544.6	11767.4#######	
#######	instances_500/MDG-a_2_n500_m50.txt#######	
	7515.91	11732
	7563.15	11721
	7521.81	11703
	7527.83	11724
	7509.27	11784
#######	7563.15	7527.59	11732.8#######	
#######	instances_500/GKD-c_15_n500_m50.txt#######	
	19363.6	11702
	19353.1	11693
	19342.8	11682
	19366.3	11676
	19329.2	11679
#######	19366.3	19351	11686.4#######	
#######	instances_500/MDG-a_14_n500_m50.txt#######	
	7520.59	11773
	7575.89	11719
	7582.67	11755
	7511.66	12598
	7517.97	12924
#######	7582.67	7541.76	12153.8#######	
#######	instances_500/MDG-a_1_n500_m50.txt#######	
	7653.75	11970
	7632.56	11778
	7560.26	11689
	7588.39	11805
	7483.36	11730
#######	7653.75	7583.66	11794.4#######	
#######	instances_500/SOM-b_18_n500_m100.txt#######	
	25589	27056
	25409	27131
	25537	27099
	25589	27072
	25531	27076
#######	25589	25531	27086.8#######	
#######	instances_500/MDG-a_4_n500_m50.txt#######	
	7490.81	11747
	7546.49	11806
	7528.56	11798
	7532.03	11721
	7542.04	11727
#######	7546.49	7527.99	11759.8#######	
#######	instances_500/GKD-c_6_n500_m50.txt#######	
	19371.7	11710
	19375.5	11701
	19393.5	11692
	19343.1	11683
	19388.5	11660
#######	19393.5	19374.5	11689.2#######	
#######	instances_500/GKD-c_2_n500_m50.txt#######	
	19602.3	11726
	19576.7	11688
	19568.3	11712
	19599.1	11716
	19607.1	11677
#######	19607.1	19590.7	11703.8#######	
#######	instances_500/GKD-c_11_n500_m50.txt#######	
	19531.9	11680
	19531.3	11645
	19531.7	11748
	19537.7	11668
	19527.1	11608
#######	19537.7	19532	11669.8#######	
#######	instances_2000/MDG-a_25_n2000_m200.txt#######	
	107288	169191
	106881	175207
	106215	178806
	107199	168871
	106829	172300
#######	107288	106882	172875#######	
#######	instances_2000/MDG-a_39_n2000_m200.txt#######	
	106984	167827
	106732	180045
	107150	163463
	107028	167585
	106905	155944
#######	107150	106960	166973#######	
#######	instances_2000/MDG-a_40_n2000_m200.txt#######	
	107432	162192
	106808	160383
	107798	153808
	107357	157497
	107042	158960
#######	107798	107287	158568#######	
#######	instances_2000/MDG-a_31_n2000_m200.txt#######	
	107385	160705
	106311	175992
	106389	170551
	107553	158607
	107746	162598
#######	107746	107077	165691#######	
#######	instances_2000/MDG-a_27_n2000_m200.txt#######	
	106417	164479
	106640	169046
	106313	163360
	106794	162223
	106333	169498
#######	106794	106499	165721#######	
#######	instances_2000/MDG-a_29_n2000_m200.txt#######	
	107519	164058
	106569	168156
	106288	172167
	106944	165563
	107100	159407
#######	107519	106884	165870#######	
#######	instances_2000/MDG-a_36_n2000_m200.txt#######	
	105446	178740
	104050	188911
	106374	168115
	105344	182628
	106626	166507
#######	106626	105568	176980#######	
#######	instances_2000/MDG-a_34_n2000_m200.txt#######	
	105651	179125
	107416	156429
	106868	167685
	107271	154163
	103742	185619
#######	107416	106190	168604#######	
#######	instances_2000/MDG-a_23_n2000_m200.txt#######	
	106855	167433
	106694	164921
	107498	152834
	106817	164803
	107461	155458
#######	107498	107065	161090#######	
#######	instances_2000/MDG-a_38_n2000_m200.txt#######	
	106657	162310
	107493	164160
	107097	154971
	106107	172966
	107334	153022
#######	107493	106938	161486#######	
#######	instances_2000/MDG-a_35_n2000_m200.txt#######	
	106208	173317
	106830	164904
	106598	168672
	107618	151724
	105859	177287
#######	107618	106623	167181#######	
#######	instances_2000/MDG-a_37_n2000_m200.txt#######	
	106063	176389
	106491	168053
	107742	166645
	105576	191616
	106177	189341
#######	107742	106410	178409#######	
#######	instances_2000/MDG-a_28_n2000_m200.txt#######	
	106923	170916
	107316	164368
	106352	184338
	107203	173695
	107183	179091
#######	107316	106995	174482#######	
#######	instances_2000/MDG-a_30_n2000_m200.txt#######	
	105430	190623
	106470	177430
	106070	188052
	106340	176676
	106858	176410
#######	106858	106234	181838#######	
#######	instances_2000/MDG-a_24_n2000_m200.txt#######	
	107419	163170
	107044	164686
	107110	173223
	104249	196781
	105629	187511
#######	107419	106290	177074#######	
#######	instances_2000/MDG-a_26_n2000_m200.txt#######	
	106811	175090
	106653	176858
	107590	166683
	106306	183209
	107037	180405
#######	107590	106879	176449#######	
#######	instances_2000/MDG-a_22_n2000_m200.txt#######	
	106974	167624
	106660	175973
	107016	173204
	106026	182853
	107514	168864
#######	107514	106838	173704#######	
#######	instances_2000/MDG-a_33_n2000_m200.txt#######	
	107301	172079
	106743	178666
	106052	189459
	107294	178693
	106889	170956
#######	107301	106856	177971#######	
#######	instances_2000/MDG-a_32_n2000_m200.txt#######	
	105919	183381
	105729	188951
	107639	165796
	107166	171783
	106744	181344
#######	107639	106639	178251#######	
#######	instances_2000/MDG-a_21_n2000_m200.txt#######	
	107348	169609
	106291	181602
	106453	184122
	107656	156898
	107221	160624
#######	107656	106994	170571#######	
#######	instances_3000/MDG-c_12_n3000_m500.txt#######	
	6.32832e+07	913083
	6.37425e+07	882605
	6.34681e+07	896784
	6.41159e+07	839508
	6.33986e+07	905439
#######	6.41159e+07	6.36017e+07	887484#######	
#######	instances_3000/MDG-c_8_n3000_m400.txt#######	
	4.07385e+07	663251
	4.06353e+07	671309
	4.10081e+07	634660
	4.09443e+07	662867
	4.11685e+07	596360
#######	4.11685e+07	4.0899e+07	645689#######	
#######	instances_3000/MDG-c_3_n3000_m300.txt#######	
	2.34498e+07	380544
	2.32914e+07	405703
	2.33521e+07	401496
	2.33068e+07	399967
	2.33956e+07	403917
#######	2.34498e+07	2.33591e+07	398325#######	
#######	instances_3000/MDG-c_18_n3000_m600.txt#######	
	9.07736e+07	1108777
	9.15042e+07	1073962
	9.04862e+07	1115348
	9.07342e+07	1112103
	9.1065e+07	1149041
#######	9.15042e+07	9.09126e+07	1.11185e+06#######	
#######	instances_3000/MDG-c_11_n3000_m500.txt#######	
	6.29266e+07	915079
	6.3875e+07	864907
	6.35112e+07	892698
	6.29344e+07	896087
	6.37261e+07	841811
#######	6.3875e+07	6.33947e+07	882116#######	
#######	instances_3000/MDG-c_9_n3000_m400.txt#######	
	4.09934e+07	616899
	4.12233e+07	598535
	4.12037e+07	597300
	4.0778e+07	630239
	4.11511e+07	592769
#######	4.12233e+07	4.10699e+07	607148#######	
#######	instances_3000/MDG-c_17_n3000_m600.txt#######	
	9.11491e+07	1107380
	9.11688e+07	1152559
	9.15668e+07	1130058
	9.04421e+07	1165131
	9.04906e+07	1168625
#######	9.15668e+07	9.09635e+07	1.14475e+06#######	
#######	instances_3000/MDG-c_4_n3000_m300.txt#######	
	2.3352e+07	407586
	2.3402e+07	416534
	2.33687e+07	410643
	2.33793e+07	412949
	2.33206e+07	421290
#######	2.3402e+07	2.33645e+07	413800#######	
#######	instances_3000/MDG-c_19_n3000_m600.txt#######	
	9.10071e+07	1124954
	9.14818e+07	1078154
	9.17828e+07	1075078
	9.14468e+07	1080755
	9.18301e+07	1041676
#######	9.18301e+07	9.15097e+07	1.08012e+06#######	
#######	instances_3000/MDG-c_7_n3000_m400.txt#######	
	4.12141e+07	587520
	4.13539e+07	580686
	4.11528e+07	607622
	4.08777e+07	638556
	4.04403e+07	671547
#######	4.13539e+07	4.10078e+07	617186#######	
#######	instances_3000/MDG-c_10_n3000_m400.txt#######	
	4.11565e+07	627155
	4.12129e+07	635107
	4.10373e+07	643488
	4.03294e+07	671722
	4.12362e+07	616714
#######	4.12362e+07	4.09944e+07	638837#######	
#######	instances_3000/MDG-c_5_n3000_m300.txt#######	
	2.33897e+07	408908
	2.31924e+07	430507
	2.31204e+07	443156
	2.35139e+07	386205
	2.34171e+07	403899
#######	2.35139e+07	2.33267e+07	414535#######	
#######	instances_3000/MDG-c_6_n3000_m400.txt#######	
	4.11055e+07	627052
	4.11973e+07	586955
	4.1145e+07	607199
	4.03358e+07	637525
	4.101e+07	614126
#######	4.11973e+07	4.09587e+07	614571#######	
#######	instances_3000/MDG-c_2_n3000_m300.txt#######	
	2.34117e+07	385906
	2.34661e+07	386976
	2.34582e+07	391697
	2.33462e+07	399804
	2.34021e+07	402159
#######	2.34661e+07	2.34169e+07	393308#######	
#######	instances_3000/MDG-c_20_n3000_m600.txt#######	
	9.15882e+07	1080566
	9.18115e+07	1042614
	9.18884e+07	1041166
	9.1698e+07	1063979
	9.09616e+07	1102817
#######	9.18884e+07	9.15895e+07	1.06623e+06#######	
#######	instances_3000/MDG-c_1_n3000_m300.txt#######	
	2.32403e+07	406973
	2.31454e+07	412222
	2.34673e+07	368620
	2.33423e+07	403744
	2.31979e+07	415321
#######	2.34673e+07	2.32787e+07	401376#######	
#######	instances_3000/MDG-c_16_n3000_m600.txt#######	
	9.1929e+07	1059792
	9.1671e+07	1066410
	9.16143e+07	1073817
	9.15065e+07	1078376
	9.1638e+07	1071264
#######	9.1929e+07	9.16717e+07	1.06993e+06#######	
#######	instances_3000/MDG-c_14_n3000_m500.txt#######	
	6.39717e+07	821590
	6.36655e+07	856576
	6.30783e+07	864360
	6.38109e+07	829175
	6.32458e+07	865742
#######	6.39717e+07	6.35544e+07	847489#######	
#######	instances_3000/MDG-c_15_n3000_m500.txt#######	
	6.40968e+07	803859
	6.40029e+07	811551
	6.37525e+07	824627
	6.40373e+07	808309
	6.38954e+07	820114
#######	6.40968e+07	6.3957e+07	813692#######	
#######	instances_3000/MDG-c_13_n3000_m500.txt#######	
	6.29645e+07	865523
	6.38787e+07	829758
	6.35494e+07	852952
	6.36758e+07	837240
	6.38131e+07	826057
#######	6.38787e+07	6.35763e+07	842306#######	
#######	instances_menor_500/SOM-b_7_n200_m60.txt#######	
	9282	13616
	9291	13385
	9362	13351
	9292	18086
	9299	15545
#######	9362	9305.2	14796.6#######	
#######	instances_menor_500/SOM-b_8_n200_m80.txt#######	
	16053	19901
	16054	19524
	16031	18238
	16097	18639
	16072	23821
#######	16097	16061.4	20024.6#######	
#######	instances_menor_500/SOM-b_13_n400_m40.txt#######	
	4575	9342
	4568	9234
	4558	9300
	4507	8339
	4528	8513
#######	4575	4547.2	8945.6#######	
#######	instances_menor_500/SOM-b_11_n300_m90.txt#######	
	20333	19514
	20449	19363
	20454	19297
	20462	19990
	20375	19207
#######	20462	20414.6	19474.2#######	
#######	instances_menor_500/SOM-b_5_n200_m20.txt#######	
	1213	3617
	1213	3603
	1210	3593
	1231	3598
	1199	3562
#######	1231	1213.2	3594.6#######	
#######	instances_menor_500/SOM-b_2_n100_m20.txt#######	
	1195	3472
	1181	3490
	1180	3491
	1183	3506
	1175	3421
#######	1195	1182.8	3476#######	
#######	instances_menor_500/SOM-b_12_n300_m120.txt#######	
	35238	27415
	35412	27665
	35581	30374
	35385	27530
	35446	27486
#######	35581	35412.4	28094#######	
#######	instances_menor_500/SOM-b_10_n300_m60.txt#######	
	9529	11778
	9527	11759
	9491	11741
	9460	11754
	9482	11710
#######	9529	9497.8	11748.4#######	
#######	instances_menor_500/SOM-b_4_n100_m40.txt#######	
	4103	6610
	4110	6633
	4104	6842
	4123	6689
	4123	6588
#######	4123	4112.6	6672.4#######	
#######	instances_menor_500/SOM-b_9_n300_m30.txt#######	
	2633	5733
	2641	5418
	2610	5446
	2649	5666
	2607	5362
#######	2649	2628	5525#######	
#######	instances_menor_500/SOM-b_6_n200_m40.txt#######	
	4384	7208
	4396	7191
	4384	7087
	4408	6993
	4364	7093
#######	4408	4387.2	7114.4#######	
#######	instances_menor_500/SOM-b_1_n100_m10.txt#######	
	333	2255
	319	1826
	319	2257
	328	1791
	325	2255
#######	333	324.8	2076.8#######	
#######	instances_menor_500/SOM-b_14_n400_m80.txt#######	
	16605	17169
	16537	17596
	16540	17331
	16572	17257
	16593	17574
#######	16605	16569.4	17385.4#######	
#######	instances_menor_500/SOM-b_3_n100_m30.txt#######	
	2382	4942
	2386	4847
	2401	5002
	2379	5138
	2417	4893
#######	2417	2393	4964.4#######	
#######	instances_menor_500/SOM-b_15_n400_m120.txt#######	
	35658	28809
	35658	29163
	35666	29106
	35707	28945
	35664	29010
#######	35707	35670.6	29006.6#######	
#######	instances_menor_500/SOM-b_16_n400_m160.txt#######	
	61585	42609
	61469	42848
	61670	43321
	61634	43063
	61633	43067
#######	61670	61598.2	42981.6#######	
#######	instances_MDG-b/MDG-b_2_n500_m50.txt#######	
	751216	10005
	759263	10368
	752409	9761
	755130	10075
	748726	10558
#######	759263	753349	10153.4#######	
#######	instances_MDG-b/MDG-b_9_n500_m50.txt#######	
	756982	10114
	747222	10511
	751570	10288
	752797	10286
	750127	10477
#######	756982	751740	10335.2#######	
#######	instances_MDG-b/MDG-b_34_n2000_m200.txt#######	
	1.06794e+07	161943
	1.06077e+07	171392
	1.0623e+07	161181
	1.05532e+07	170289
	1.05888e+07	170432
#######	1.06794e+07	1.06104e+07	167047#######	
#######	instances_MDG-b/MDG-b_36_n2000_m200.txt#######	
	1.0659e+07	159424
	1.05799e+07	169029
	1.05049e+07	181840
	1.05594e+07	175686
	1.06169e+07	161330
#######	1.0659e+07	1.0584e+07	169462#######	
#######	instances_MDG-b/MDG-b_27_n2000_m200.txt#######	
	1.05468e+07	175397
	1.06869e+07	161642
	1.06088e+07	164685
	1.05658e+07	169615
	1.06273e+07	167512
#######	1.06869e+07	1.06071e+07	167770#######	
#######	instances_MDG-b/MDG-b_4_n500_m50.txt#######	
	747901	10663
	748869	10539
	746685	10253
	756845	10633
	752224	10492
#######	756845	750505	10516#######	
#######	instances_MDG-b/MDG-b_26_n2000_m200.txt#######	
	1.06357e+07	160115
	1.06022e+07	156945
	1.06187e+07	162495
	1.06071e+07	168263
	1.05878e+07	162602
#######	1.06357e+07	1.06103e+07	162084#######	
#######	instances_MDG-b/MDG-b_8_n500_m50.txt#######	
	756306	10488
	757039	10571
	753598	10332
	753742	10459
	758779	10574
#######	758779	755893	10484.8#######	
#######	instances_MDG-b/MDG-b_14_n500_m50.txt#######	
	761248	10401
	758321	10501
	753098	10534
	754078	10226
	753828	10556
#######	761248	756115	10443.6#######	
#######	instances_MDG-b/MDG-b_38_n2000_m200.txt#######	
	1.05787e+07	167638
	1.05337e+07	172845
	1.06274e+07	162266
	1.05647e+07	171387
	1.04776e+07	182903
#######	1.06274e+07	1.05564e+07	171408#######	
#######	instances_MDG-b/MDG-b_40_n2000_m200.txt#######	
	1.05698e+07	175245
	1.05059e+07	176613
	1.05926e+07	164954
	1.04133e+07	184251
	1.05784e+07	172227
#######	1.05926e+07	1.0532e+07	174658#######	
#######	instances_MDG-b/MDG-b_7_n500_m50.txt#######	
	748297	10389
	758755	10681
	748294	10394
	754295	10432
	754134	10545
#######	758755	752755	10488.2#######	
#######	instances_MDG-b/MDG-b_3_n500_m50.txt#######	
	756097	10440
	757082	10459
	756077	10557
	749181	10341
	751800	10511
#######	757082	754047	10461.6#######	
#######	instances_MDG-b/MDG-b_15_n500_m50.txt#######	
	748806	10661
	750683	10345
	764506	10517
	748620	10569
	755635	10240
#######	764506	753650	10466.4#######	
#######	instances_MDG-b/MDG-b_32_n2000_m200.txt#######	
	1.06726e+07	153147
	1.05209e+07	170582
	1.06626e+07	153004
	1.06328e+07	164046
	1.06138e+07	163391
#######	1.06726e+07	1.06205e+07	160834#######	
#######	instances_MDG-b/MDG-b_29_n2000_m200.txt#######	
	1.06374e+07	155133
	1.06512e+07	156181
	1.05695e+07	169530
	1.05209e+07	176174
	1.05573e+07	173547
#######	1.06512e+07	1.05872e+07	166113#######	
#######	instances_MDG-b/MDG-b_33_n2000_m200.txt#######	
	1.06364e+07	166251
	1.06054e+07	161516
	1.06119e+07	159908
	1.05549e+07	166435
	1.05827e+07	167513
#######	1.06364e+07	1.05983e+07	164325#######	
#######	instances_MDG-b/MDG-b_12_n500_m50.txt#######	
	748814	10470
	749884	10659
	753832	10463
	752650	10477
	750979	10600
#######	753832	751232	10533.8#######	
#######	instances_MDG-b/MDG-b_23_n2000_m200.txt#######	
	1.07028e+07	159903
	1.06402e+07	152794
	1.06592e+07	151266
	1.06292e+07	156296
	1.05829e+07	163089
#######	1.07028e+07	1.06428e+07	156670#######	
#######	instances_MDG-b/MDG-b_11_n500_m50.txt#######	
	749516	10462
	751396	10396
	748852	10607
	749472	10316
	755714	10433
#######	755714	750990	10442.8#######	
#######	instances_MDG-b/MDG-b_13_n500_m50.txt#######	
	761936	10587
	760578	10268
	751696	10563
	751666	10474
	753680	10247
#######	761936	755911	10427.8#######	
#######	instances_MDG-b/MDG-b_37_n2000_m200.txt#######	
	1.05281e+07	175279
	1.06629e+07	158297
	1.05412e+07	173609
	1.06391e+07	167525
	1.05718e+07	176990
#######	1.06629e+07	1.05886e+07	170340#######	
#######	instances_MDG-b/MDG-b_35_n2000_m200.txt#######	
	1.05776e+07	171374
	1.06525e+07	157828
	1.06505e+07	165190
	1.06308e+07	170106
	1.06727e+07	159890
#######	1.06727e+07	1.06368e+07	164878#######	
#######	instances_MDG-b/MDG-b_10_n500_m50.txt#######	
	750684	10634
	747637	10427
	757017	10399
	752556	10578
	749433	10330
#######	757017	751465	10473.6#######	
#######	instances_MDG-b/MDG-b_5_n500_m50.txt#######	
	750907	10487
	751794	10589
	751520	10263
	749171	10495
	754988	10588
#######	754988	751676	10484.4#######	
#######	instances_MDG-b/MDG-b_16_n500_m50.txt#######	
	749382	10356
	753742	10614
	755187	10458
	750286	10334
	751623	10609
#######	755187	752044	10474.2#######	
#######	instances_MDG-b/MDG-b_25_n2000_m200.txt#######	
	1.063e+07	160101
	1.06237e+07	157463
	1.0598e+07	172951
	1.06201e+07	163853
	1.05817e+07	176612
#######	1.063e+07	1.06107e+07	166196#######	
#######	instances_MDG-b/MDG-b_21_n2000_m200.txt#######	
	1.06793e+07	165758
	1.05135e+07	177187
	1.06394e+07	157009
	1.05592e+07	171577
	1.05884e+07	168277
#######	1.06793e+07	1.0596e+07	167962#######	
#######	instances_MDG-b/MDG-b_19_n500_m50.txt#######	
	751476	10452
	755959	10664
	766305	10438
	766337	10453
	762173	10605
#######	766337	760450	10522.4#######	
#######	instances_MDG-b/MDG-b_30_n2000_m200.txt#######	
	1.05585e+07	174148
	1.05881e+07	167083
	1.06003e+07	169416
	1.07057e+07	153477
	1.06862e+07	148613
#######	1.07057e+07	1.06278e+07	162547#######	
#######	instances_MDG-b/MDG-b_6_n500_m50.txt#######	
	751114	10586
	756961	10540
	760580	10357
	751975	10591
	754779	10398
#######	760580	755082	10494.4#######	
#######	instances_MDG-b/MDG-b_22_n2000_m200.txt#######	
	1.05625e+07	174135
	1.05824e+07	165544
	1.06421e+07	168914
	1.06769e+07	165736
	1.05851e+07	176202
#######	1.06769e+07	1.06098e+07	170106#######	
#######	instances_MDG-b/MDG-b_28_n2000_m200.txt#######	
	1.06498e+07	163051
	1.06484e+07	157421
	1.05358e+07	176279
	1.057e+07	168873
	1.06594e+07	157784
#######	1.06594e+07	1.06127e+07	164682#######	
#######	instances_MDG-b/MDG-b_17_n500_m50.txt#######	
	756544	10639
	752697	10313
	755643	10450
	754843	10674
	761205	10238
#######	761205	756186	10462.8#######	
#######	instances_MDG-b/MDG-b_31_n2000_m200.txt#######	
	1.04598e+07	182345
	1.05382e+07	175993
	1.05468e+07	171297
	1.05124e+07	174660
	1.06244e+07	158128
#######	1.06244e+07	1.05363e+07	172485#######	
#######	instances_MDG-b/MDG-b_20_n500_m50.txt#######	
	754520	10379
	744503	10649
	748026	10641
	754953	10343
	757175	10644
#######	757175	751836	10531.2#######	
#######	instances_MDG-b/MDG-b_18_n500_m50.txt#######	
	750382	10435
	751605	10371
	750790	10611
	757122	10331
	750435	10483
#######	757122	752067	10446.2#######	
#######	instances_MDG-b/MDG-b_39_n2000_m200.txt#######	
	1.06262e+07	156121
	1.0662e+07	153921
	1.06484e+07	156105
	1.06378e+07	155475
	1.06303e+07	157386
#######	1.0662e+07	1.0641e+07	155802#######	
#######	instances_MDG-b/MDG-b_1_n500_m50.txt#######	
	756887	10649
	753612	10252
	753717	10498
	756902	10561
	754826	10234
#######	756902	755189	10438.8#######	
#######	instances_MDG-b/MDG-b_24_n2000_m200.txt#######	
	1.06341e+07	155448
	1.06223e+07	159987
	1.06874e+07	160713
	1.05908e+07	173860
	1.05661e+07	171949
#######	1.06874e+07	1.06201e+07	164391#######	
